15
9999 29 82 46 68 52 72 42 51 55 29 74 23 72 46
29 9999 55 46 42 43 43 23 23 31 41 51 11 52 21
82 52 9999 68 46 55 23 43 41 29 79 21 64 31 51
46 46 68 9999 82 15 72 31 62 42 21 51 51 43 64
68 42 46 82 9999 74 23 52 21 46 82 58 46 65 23
52 43 55 15 74 9999 61 23 55 31 33 37 51 29 59
72 43 23 72 23 61 9999 42 23 31 77 37 51 46 33
42 23 43 31 52 23 42 9999 55 62 12 66 33 46 65
45 66 55 99 85 45 62 92 9999 52 63 66 66 45 35
65 65 22 55 66 99 45 12 55 9999 52 66 43 42 41
12 65 44 72 73 74 61 62 34 33 9999 41 48 49 43
11 68 69 54 26 36 74 58 51 52 63 9999 52 66 32
48 49 49 70 60 50 40 30 33 32 30 50 9999 98 99
36 65 65 66 43 47 49 48 46 34 36 35 55 9999 52
51 52 55 66 63 12 18 49 47 67 37 11 18 65 9999